image_size:
  width: 1920
  height: 1080
camera_matrix:
- - 1310.5927513115564
  - 0.0
  - 996.9637879888539
- - 0.0
  - 1301.0349891592648
  - 570.8859209185299
- - 0.0
  - 0.0
  - 1.0
dist_coeffs:
- 0.13111282616736344
- -0.3990863322949011
- -0.0037608404498021913
- 0.003647740023996003
- 0.35708111584170554
reprojection_error_px: 0.8644058627839605
